6
arsenal





0
-842150451
-842150451
mohd
mham
ali
1997
emaraties
40,50
12
25
moha
Wf
2015
2019
25
24
2
0
0
9
xa
df
2012
2016
20
50
12
2
0
17
namm
WF
2016
summer 2011
25
1
2
0
0
8
as
wf
2011
2019
20
14
9
4
1
37
mohamec
Wf
2011
2016
25
21
22
2
0
10
Alim
DF
2011
2016
25
12
0
0
0
22
islaim
DMF
sum2016
win 2019
50
20
11
2
0
19
mkd
MF
216
2016
0
0
0
0
0
23
Istraim
Gk
2018
2022
25
22
20
0
2
26
mohako
Lmf
summer 2011
summer 2016
16
25
2
1
0
82
fd

2015
2016
25
26
30
22
0
28
moah
DF
2018
2022
254
216
201
0
0
4
7
AAAA





0
-842150451
-842150451
barca
bacatalonia
pyol
2016
emaraties 
20,40
10
22
moah
Gk
2016
2019
254
212
221
0
0
2
mohakh
Df
2016
2011
16
25
2
0
0
26
mohsena
Rmf
2019
2025
25
26
20
2
0
28
mka
GK
2011
2019
25
21
2
2
0
33
mohs
Mf
2019
2029
52
25
2
0
0
25
mxlksa
Df
s 2016
w 2019
24
32
12
2
0
29
vkjsn
Df
2016
2019
52
55
13
2
0
19
mkdc
Df
s 2016
w 2017
25
12
1
2
0
39
e
cmf
2011
2015
54
14
10
0
0
24
mkdf
Mf
2016
s 2019
254
215
22
2
0
19
20
MANCHESTER UNITED
HAMMERS
MALON
1997
GGFAT

9
20
KMFB
Df
s 2016
w 2016
26
20
2
1
2
44
kln
Wf
2019
2022
25
2
0
0
0
29
KLNFV
RMF
2019
2016
2
1
2
2
0
21
KM
kln
2001
20019
25
23
321
212
2
521
MIOAC
GK
2011
2013
0
0
0
0
0
54
lkmc
Df
2019
2022
21
22
1
2
0
46
lmkc
WF
2019
2025
24
21
21
2
0
9
moham
DMF
s 2016
w 2021
16
21
21
0
0
19
kln
Wf
2016
2022
201
21
21
0
0
16
22
AAA





0
-842150451
-842150451
